bus appr real min max
 1.00000000e+00 9.92080845e-01 9.87646091e-01 9.83339522e-01 1.00082217e+00
 2.00000000e+00 9.92080845e-01 9.87646091e-01 9.72425691e-01 1.01173600e+00
 3.00000000e+00 9.92080845e-01 9.87646091e-01 9.67688877e-01 1.01647281e+00
 4.00000000e+00 9.92080845e-01 9.87646091e-01 9.55016546e-01 1.02914514e+00
 5.00000000e+00 9.92080845e-01 9.87646091e-01 9.47083169e-01 1.03707852e+00
 6.00000000e+00 9.92080845e-01 9.87646091e-01 9.31204242e-01 1.05295745e+00
 7.00000000e+00 9.86161688e-01 9.78406686e-01 9.70864374e-01 1.00145900e+00
 8.00000000e+00 9.82225382e-01 9.72259831e-01 9.62557406e-01 1.00189336e+00
 9.00000000e+00 9.82225382e-01 9.72259831e-01 9.48612490e-01 1.01583828e+00
 1.00000000e+01 9.82225382e-01 9.72259831e-01 9.05966158e-01 1.05848461e+00
 1.10000000e+01 9.82225382e-01 9.72259831e-01 9.05966158e-01 1.05848461e+00
 1.20000000e+01 9.82225382e-01 9.72259831e-01 9.48612490e-01 1.01583828e+00
 1.30000000e+01 9.76335857e-01 9.63059158e-01 9.50111889e-01 1.00255983e+00
 1.40000000e+01 9.82225382e-01 9.72259831e-01 9.21806967e-01 1.04264380e+00
 1.50000000e+01 9.76335857e-01 9.63059158e-01 9.34647911e-01 1.01802380e+00
 1.60000000e+01 9.76335857e-01 9.63059158e-01 9.11059910e-01 1.04161180e+00
 1.70000000e+01 9.76335857e-01 9.63059158e-01 9.12638438e-01 1.04003328e+00
 1.80000000e+01 9.76335857e-01 9.63059158e-01 9.32082911e-01 1.02058880e+00
 1.90000000e+01 9.76335857e-01 9.63059158e-01 9.16697312e-01 1.03597440e+00
 2.00000000e+01 9.76335857e-01 9.63059158e-01 8.96395774e-01 1.05627594e+00
 2.10000000e+01 9.76335857e-01 9.63059158e-01 9.25526919e-01 1.02714480e+00
 2.20000000e+01 9.76335857e-01 9.63059158e-01 8.93024692e-01 1.05964702e+00
 2.30000000e+01 9.76335857e-01 9.63059158e-01 9.20063592e-01 1.03260812e+00
 2.40000000e+01 9.76335857e-01 9.63059158e-01 8.86033862e-01 1.06663785e+00
 2.50000000e+01 9.76335857e-01 9.63059158e-01 9.14053933e-01 1.03861778e+00
 2.60000000e+01 9.76335857e-01 9.63059158e-01 9.06405276e-01 1.04626644e+00
 2.70000000e+01 9.76335857e-01 9.63059158e-01 9.00395616e-01 1.05227610e+00
 2.80000000e+01 9.76335857e-01 9.63059158e-01 9.09683272e-01 1.04298844e+00
 2.90000000e+01 9.76335857e-01 9.63059158e-01 9.03127280e-01 1.04954443e+00
 3.00000000e+01 9.76335857e-01 9.63059158e-01 8.95478622e-01 1.05719309e+00
 3.10000000e+01 9.76335857e-01 9.63059158e-01 8.92616811e-01 1.06005490e+00
 3.20000000e+01 9.76335857e-01 9.63059158e-01 8.74010014e-01 1.07866170e+00
 3.30000000e+01 9.76335857e-01 9.63059158e-01 8.69581785e-01 1.08308993e+00
 3.40000000e+01 9.76335857e-01 9.63059158e-01 9.40879525e-01 1.01179219e+00
 3.50000000e+01 9.76335857e-01 9.63059158e-01 9.23887921e-01 1.02878379e+00
 3.60000000e+01 9.76335857e-01 9.63059158e-01 9.09683272e-01 1.04298844e+00
 3.70000000e+01 9.76335857e-01 9.63059158e-01 8.91255148e-01 1.06141657e+00
 3.80000000e+01 9.76335857e-01 9.63059158e-01 8.94347126e-01 1.05832459e+00
 3.90000000e+01 9.76335857e-01 9.63059158e-01 8.74153125e-01 1.07851859e+00
 4.00000000e+01 9.76335857e-01 9.63059158e-01 9.18424595e-01 1.03424712e+00
 4.10000000e+01 9.76335857e-01 9.63059158e-01 8.98424472e-01 1.05424724e+00
 4.20000000e+01 9.76335857e-01 9.63059158e-01 9.12961268e-01 1.03971045e+00
 4.30000000e+01 9.76335857e-01 9.63059158e-01 8.82093453e-01 1.07057826e+00
 4.40000000e+01 9.76335857e-01 9.63059158e-01 9.08590607e-01 1.04408111e+00
 4.50000000e+01 9.76335857e-01 9.63059158e-01 8.96340671e-01 1.05633104e+00
 4.60000000e+01 9.76335857e-01 9.63059158e-01 8.77743127e-01 1.07492859e+00
 4.70000000e+01 9.76335857e-01 9.63059158e-01 9.03127280e-01 1.04954443e+00
 4.80000000e+01 9.76335857e-01 9.63059158e-01 8.99849284e-01 1.05282243e+00
 4.90000000e+01 9.76335857e-01 9.63059158e-01 8.97663953e-01 1.05500776e+00
 5.00000000e+01 9.76335857e-01 9.63059158e-01 8.92200627e-01 1.06047109e+00
 5.10000000e+01 9.76335857e-01 9.63059158e-01 8.86737300e-01 1.06593441e+00
 5.20000000e+01 9.68511542e-01 9.50829261e-01 9.33546252e-01 1.00347683e+00
 5.30000000e+01 9.64611772e-01 9.44730926e-01 9.25275820e-01 1.00394772e+00
 5.40000000e+01 9.62178671e-01 9.40925223e-01 9.20111056e-01 1.00424629e+00
 5.50000000e+01 9.62178671e-01 9.40925223e-01 9.14101396e-01 1.01025595e+00
 5.60000000e+01 9.62178671e-01 9.40925223e-01 9.08091737e-01 1.01626560e+00
 5.70000000e+01 9.55383640e-01 9.30293331e-01 9.05667368e-01 1.00509991e+00
 5.80000000e+01 9.55383640e-01 9.30293331e-01 8.90296966e-01 1.02047032e+00
 5.90000000e+01 9.55383640e-01 9.30293331e-01 8.74721838e-01 1.03604544e+00
 6.00000000e+01 9.40912673e-01 9.07635082e-01 8.74806421e-01 1.00701893e+00
 6.10000000e+01 9.40912673e-01 9.07635082e-01 8.62787102e-01 1.01903824e+00
 6.20000000e+01 9.40912673e-01 9.07635082e-01 8.67162620e-01 1.01466273e+00
 6.30000000e+01 9.40912673e-01 9.07635082e-01 8.61600371e-01 1.02022498e+00
 6.40000000e+01 9.40912673e-01 9.07635082e-01 8.50095434e-01 1.03172991e+00
 6.50000000e+01 9.40912673e-01 9.07635082e-01 8.35646909e-01 1.04617844e+00
 6.60000000e+01 9.40912673e-01 9.07635082e-01 8.24357556e-01 1.05746779e+00
 6.70000000e+01 9.34202723e-01 8.97122108e-01 8.60447813e-01 1.00795763e+00
 6.80000000e+01 9.34202723e-01 8.97122108e-01 8.48203908e-01 1.02020154e+00
 6.90000000e+01 9.34202723e-01 8.97122108e-01 8.31180689e-01 1.03722476e+00
 7.00000000e+01 9.34202723e-01 8.97122108e-01 8.10894646e-01 1.05751080e+00
 7.10000000e+01 9.34202723e-01 8.97122108e-01 7.93642764e-01 1.07476268e+00
 7.20000000e+01 9.34202723e-01 8.97122108e-01 8.54438153e-01 1.01396729e+00
 7.30000000e+01 9.34202723e-01 8.97122108e-01 8.37578051e-01 1.03082739e+00
 7.40000000e+01 9.34202723e-01 8.97122108e-01 8.15856033e-01 1.05254941e+00
 7.50000000e+01 9.34202723e-01 8.97122108e-01 7.90829785e-01 1.07757566e+00
 7.60000000e+01 9.34202723e-01 8.97122108e-01 8.50067492e-01 1.01833795e+00
 7.70000000e+01 9.34202723e-01 8.97122108e-01 8.41326170e-01 1.02707928e+00
 7.80000000e+01 9.34202723e-01 8.97122108e-01 8.39140839e-01 1.02926461e+00
 7.90000000e+01 9.34202723e-01 8.97122108e-01 8.34223845e-01 1.03418160e+00
 8.00000000e+01 9.34202723e-01 8.97122108e-01 8.28760518e-01 1.03964493e+00
 8.10000000e+01 9.34202723e-01 8.97122108e-01 8.18380197e-01 1.05002525e+00
 8.20000000e+01 9.34202723e-01 8.97122108e-01 8.12916871e-01 1.05548857e+00
 8.30000000e+01 9.34202723e-01 8.97122108e-01 8.07453544e-01 1.06095190e+00
 8.40000000e+01 9.34202723e-01 8.97122108e-01 7.76827709e-01 1.09157774e+00
 8.50000000e+01 9.34202723e-01 8.97122108e-01 7.47215211e-01 1.12119023e+00
 8.60000000e+01 9.34202723e-01 8.97122108e-01 8.34770177e-01 1.03363527e+00
 8.70000000e+01 9.34202723e-01 8.97122108e-01 8.24936189e-01 1.04346926e+00
 8.80000000e+01 9.34202723e-01 8.97122108e-01 8.14248963e-01 1.05415648e+00
 8.90000000e+01 9.34202723e-01 8.97122108e-01 8.18926530e-01 1.04947892e+00
 9.00000000e+01 9.34202723e-01 8.97122108e-01 8.05174745e-01 1.06323070e+00
 9.10000000e+01 9.34202723e-01 8.97122108e-01 8.14009536e-01 1.05439591e+00
 9.20000000e+01 9.34202723e-01 8.97122108e-01 7.95651988e-01 1.07275346e+00
 9.30000000e+01 9.34202723e-01 8.97122108e-01 8.09092542e-01 1.05931290e+00
 9.40000000e+01 9.34202723e-01 8.97122108e-01 7.92275602e-01 1.07612984e+00
 9.50000000e+01 9.34202723e-01 8.97122108e-01 8.02536550e-01 1.06586890e+00
 9.60000000e+01 9.34202723e-01 8.97122108e-01 7.90324954e-01 1.07808049e+00
 9.70000000e+01 9.29427189e-01 8.89637641e-01 8.50208952e-01 1.00864543e+00
 9.80000000e+01 9.29427189e-01 8.89637641e-01 8.44199293e-01 1.01465508e+00
 9.90000000e+01 9.29427189e-01 8.89637641e-01 8.32179974e-01 1.02667440e+00
 1.00000000e+02 9.29427189e-01 8.89637641e-01 8.25623982e-01 1.03323040e+00
 1.01000000e+02 9.24666314e-01 8.82174437e-01 8.39984751e-01 1.00934788e+00
 1.02000000e+02 9.24666314e-01 8.82174437e-01 8.26211924e-01 1.02312070e+00
 1.03000000e+02 9.24666314e-01 8.82174437e-01 8.06093844e-01 1.04323878e+00
 1.04000000e+02 9.24666314e-01 8.82174437e-01 7.62293435e-01 1.08703919e+00
 1.05000000e+02 9.19446555e-01 8.73990121e-01 8.28755332e-01 1.01013778e+00
 1.06000000e+02 9.19446555e-01 8.73990121e-01 8.14987611e-01 1.02390550e+00
 1.07000000e+02 9.19446555e-01 8.73990121e-01 7.79310732e-01 1.05958238e+00
 1.08000000e+02 9.13301395e-01 8.64352794e-01 8.15507847e-01 1.01109494e+00
 1.09000000e+02 8.84000662e-01 8.20517330e-01 7.58560154e-01 1.00944117e+00
 1.10000000e+02 8.64556182e-01 7.91384893e-01 7.20473958e-01 1.00863841e+00
 1.11000000e+02 8.64556182e-01 7.91384893e-01 6.84488711e-01 1.04462365e+00
 1.12000000e+02 8.56476808e-01 7.79270262e-01 7.04595264e-01 1.00835835e+00
 1.13000000e+02 8.22698698e-01 7.28561609e-01 6.37920714e-01 1.00747668e+00
 1.14000000e+02 8.01923951e-01 6.97329304e-01 5.96702333e-01 1.00714557e+00
