bus appr real min1 max1 min2 max2
 1.00000000e+00 9.90078123e-01 9.89296708e-01 9.81114909e-01 9.99041337e-01 9.82472750e-01 9.97683496e-01
 2.00000000e+00 9.82992229e-01 9.81630147e-01 9.67306605e-01 9.98677853e-01 9.69764564e-01 9.96219894e-01
 3.00000000e+00 9.78309724e-01 9.76561367e-01 9.58142493e-01 9.98476954e-01 9.61384953e-01 9.95234494e-01
 4.00000000e+00 9.71548233e-01 9.69229417e-01 9.44658592e-01 9.98437874e-01 9.49147860e-01 9.93948606e-01
 5.00000000e+00 9.66057265e-01 9.63199668e-01 9.30204410e-01 1.00191012e+00 9.38499413e-01 9.93615116e-01
 6.00000000e+00 9.63371474e-01 9.60247687e-01 9.23037013e-01 1.00370594e+00 9.33182054e-01 9.93560895e-01
 7.00000000e+00 9.61728172e-01 9.58440160e-01 9.18592707e-01 1.00486364e+00 9.29909968e-01 9.93546376e-01
 8.00000000e+00 9.61655230e-01 9.58362324e-01 9.12357555e-01 1.01095291e+00 9.29603547e-01 9.93706914e-01
 9.00000000e+00 9.61618761e-01 9.58323406e-01 9.06158876e-01 1.01707865e+00 9.29435524e-01 9.93801998e-01
 1.00000000e+01 9.57228044e-01 9.53486541e-01 9.06249767e-01 1.00820632e+00 9.21141151e-01 9.93314938e-01
 1.10000000e+01 9.47823319e-01 9.43125641e-01 8.80039016e-01 1.01560762e+00 9.02436567e-01 9.93210071e-01
 1.20000000e+01 9.46516265e-01 9.41736246e-01 8.71463546e-01 1.02156898e+00 9.00387000e-01 9.92645530e-01
 1.30000000e+01 9.45697535e-01 9.40865837e-01 8.65345438e-01 1.02604963e+00 8.99103208e-01 9.92291861e-01
 1.40000000e+01 9.44252489e-01 9.39329542e-01 8.52913926e-01 1.03559105e+00 8.96869928e-01 9.91635050e-01
 1.50000000e+01 9.42929802e-01 9.37924472e-01 8.37754064e-01 1.04810554e+00 8.94801872e-01 9.91057732e-01
 1.60000000e+01 9.42599445e-01 9.37571736e-01 8.26588235e-01 1.05861065e+00 8.94146676e-01 9.91052214e-01
 1.70000000e+01 9.44409044e-01 9.39356730e-01 8.68781929e-01 1.02003616e+00 8.95433600e-01 9.93384488e-01
 1.80000000e+01 9.42739766e-01 9.37513443e-01 8.60950442e-01 1.02452909e+00 8.91856911e-01 9.93622622e-01
 1.90000000e+01 9.41683841e-01 9.36347404e-01 8.55412909e-01 1.02795477e+00 8.89462233e-01 9.93905448e-01
 2.00000000e+01 9.41055770e-01 9.35650636e-01 8.45821624e-01 1.03628991e+00 8.87425833e-01 9.94685706e-01
 2.10000000e+01 9.40924958e-01 9.35505478e-01 8.43450010e-01 1.03839991e+00 8.86979742e-01 9.94870175e-01
 2.20000000e+01 9.40866098e-01 9.35440236e-01 8.38349341e-01 1.04338285e+00 8.86798680e-01 9.94933515e-01
 2.30000000e+01 9.40427993e-01 9.34953840e-01 8.32309228e-01 1.04854676e+00 8.85431004e-01 9.95424982e-01
 2.40000000e+01 9.40055391e-01 9.34540153e-01 8.21292809e-01 1.05881797e+00 8.84202873e-01 9.95907909e-01
 2.50000000e+01 9.39957355e-01 9.34431295e-01 8.15592765e-01 1.06432195e+00 8.83786528e-01 9.96128182e-01
 2.60000000e+01 9.39924678e-01 9.34395009e-01 8.09958079e-01 1.06989128e+00 8.83588078e-01 9.96261278e-01
 2.70000000e+01 9.40493373e-01 9.35024570e-01 8.38536817e-01 1.04244993e+00 8.86096784e-01 9.94889962e-01
 2.80000000e+01 9.39787443e-01 9.34239988e-01 8.27747272e-01 1.05182761e+00 8.84107783e-01 9.95467103e-01
 2.90000000e+01 9.39499949e-01 9.33920354e-01 8.21297569e-01 1.05770233e+00 8.83157115e-01 9.95842784e-01
 3.00000000e+01 9.39323564e-01 9.33724220e-01 8.16079376e-01 1.06256775e+00 8.82558076e-01 9.96089052e-01
 3.10000000e+01 9.39205986e-01 9.33593465e-01 8.10919990e-01 1.06749198e+00 8.82148804e-01 9.96263169e-01
 3.20000000e+01 9.39127607e-01 9.33506295e-01 8.04119201e-01 1.07413601e+00 8.81867746e-01 9.96387468e-01
 3.30000000e+01 9.43688102e-01 9.38560618e-01 8.62458978e-01 1.02491723e+00 8.93897416e-01 9.93478787e-01
 3.40000000e+01 9.43471894e-01 9.38322021e-01 8.56080561e-01 1.03086323e+00 8.93273110e-01 9.93670677e-01
 3.50000000e+01 9.43183671e-01 9.38003882e-01 8.43467918e-01 1.04289942e+00 8.92387114e-01 9.93980227e-01
 3.60000000e+01 9.43105075e-01 9.37917121e-01 8.36666913e-01 1.04954324e+00 8.92130264e-01 9.94079886e-01
 3.70000000e+01 9.43164021e-01 9.37981730e-01 8.56332889e-01 1.02999515e+00 8.93003429e-01 9.93324614e-01
 3.80000000e+01 9.42767821e-01 9.37543935e-01 8.49774479e-01 1.03576116e+00 8.92318874e-01 9.93216768e-01
 3.90000000e+01 9.42469928e-01 9.37214696e-01 8.42193975e-01 1.04274588e+00 8.91838703e-01 9.93101154e-01
 4.00000000e+01 9.64893062e-01 9.62143964e-01 9.19516793e-01 1.01026933e+00 9.36936204e-01 9.92849920e-01
 4.10000000e+01 9.64334875e-01 9.61550718e-01 9.12236196e-01 1.01643355e+00 9.35472237e-01 9.93197513e-01
 4.20000000e+01 9.63936299e-01 9.61127012e-01 9.06235611e-01 1.02163699e+00 9.34384463e-01 9.93488135e-01
 4.30000000e+01 9.63571032e-01 9.60738648e-01 8.99708135e-01 1.02743393e+00 9.33362839e-01 9.93779225e-01
 4.40000000e+01 9.63411671e-01 9.60569174e-01 8.95067167e-01 1.03175618e+00 9.32820773e-01 9.94002569e-01
 4.50000000e+01 9.63252328e-01 9.60399696e-01 8.88185413e-01 1.03831924e+00 9.32251633e-01 9.94253022e-01
 4.60000000e+01 9.63159385e-01 9.60300835e-01 8.80249658e-01 1.04606911e+00 9.31898199e-01 9.94420571e-01
 4.70000000e+01 9.62771408e-01 9.59882626e-01 9.08992126e-01 1.01655069e+00 9.33110856e-01 9.92431961e-01
 4.80000000e+01 9.61557130e-01 9.58588003e-01 9.02175840e-01 1.02093842e+00 9.30797825e-01 9.92316436e-01
 4.90000000e+01 9.60376634e-01 9.57329360e-01 8.95393335e-01 1.02535993e+00 9.28596541e-01 9.92156728e-01
 5.00000000e+01 9.59512185e-01 9.56407831e-01 8.90047279e-01 1.02897709e+00 9.26996044e-01 9.92028325e-01
 5.10000000e+01 9.58498281e-01 9.55327209e-01 8.83431367e-01 1.03356520e+00 9.25177214e-01 9.91819349e-01
 5.20000000e+01 9.58242679e-01 9.55055040e-01 8.79814559e-01 1.03667080e+00 9.24820423e-01 9.91664935e-01
 5.30000000e+01 9.58123647e-01 9.54927185e-01 8.77454724e-01 1.03879257e+00 9.24292376e-01 9.91954917e-01
 5.40000000e+01 9.58024320e-01 9.54820652e-01 8.71753388e-01 1.04429525e+00 9.23833107e-01 9.92215532e-01
 5.50000000e+01 9.57991213e-01 9.54785141e-01 8.66118272e-01 1.04986415e+00 9.23609492e-01 9.92372933e-01
