bus appr real min max
 1.00000000e+00 9.92080845e-01 9.91781259e-01 9.87547116e-01 9.96614573e-01
 2.00000000e+00 9.92004269e-01 9.91703896e-01 9.87390595e-01 9.96617943e-01
 3.00000000e+00 9.91533894e-01 9.91232271e-01 9.86489174e-01 9.96578613e-01
 4.00000000e+00 9.91358877e-01 9.91055323e-01 9.86135191e-01 9.96582563e-01
 5.00000000e+00 9.91107297e-01 9.90806164e-01 9.85433055e-01 9.96781539e-01
 6.00000000e+00 9.90888538e-01 9.90589020e-01 9.84874884e-01 9.96902192e-01
 7.00000000e+00 9.86469328e-01 9.85946963e-01 9.78677185e-01 9.94261470e-01
 8.00000000e+00 9.82762661e-01 9.82092015e-01 9.72797592e-01 9.92727730e-01
 9.00000000e+00 9.82271549e-01 9.81596931e-01 9.71960607e-01 9.92582491e-01
 1.00000000e+01 9.81605869e-01 9.80929718e-01 9.70236282e-01 9.92975455e-01
 1.10000000e+01 9.81496746e-01 9.80826448e-01 9.70127160e-01 9.92866332e-01
 1.20000000e+01 9.82664436e-01 9.81991563e-01 9.72611783e-01 9.92717089e-01
 1.30000000e+01 9.77445427e-01 9.76555454e-01 9.64368448e-01 9.90522405e-01
 1.40000000e+01 9.81714993e-01 9.81041452e-01 9.70572345e-01 9.92857640e-01
 1.50000000e+01 9.76987684e-01 9.76090079e-01 9.63579276e-01 9.90396092e-01
 1.60000000e+01 9.76660742e-01 9.75753095e-01 9.63032132e-01 9.90289352e-01
 1.70000000e+01 9.76835109e-01 9.75932851e-01 9.63224135e-01 9.90446083e-01
 1.80000000e+01 9.72859654e-01 9.71852747e-01 9.56429497e-01 9.89289811e-01
 1.90000000e+01 9.72424222e-01 9.71401343e-01 9.55766082e-01 9.89082362e-01
 2.00000000e+01 9.72141205e-01 9.71107893e-01 9.55283562e-01 9.88998849e-01
 2.10000000e+01 9.72325223e-01 9.71302898e-01 9.55323224e-01 9.89327222e-01
 2.20000000e+01 9.71868089e-01 9.70855973e-01 9.54566232e-01 9.89169946e-01
 2.30000000e+01 9.71943588e-01 9.70907469e-01 9.54500739e-01 9.89386436e-01
 2.40000000e+01 9.71464737e-01 9.70410500e-01 9.53687709e-01 9.89241766e-01
 2.50000000e+01 9.71593830e-01 9.70545749e-01 9.53722520e-01 9.89465141e-01
 2.60000000e+01 9.71415799e-01 9.70359402e-01 9.53213744e-01 9.89617855e-01
 2.70000000e+01 9.71345864e-01 9.70286187e-01 9.53030516e-01 9.89661211e-01
 2.80000000e+01 9.71441231e-01 9.70389201e-01 9.53458657e-01 9.89423805e-01
 2.90000000e+01 9.71288646e-01 9.70234209e-01 9.53186152e-01 9.89391139e-01
 3.00000000e+01 9.71199644e-01 9.70141066e-01 9.53020510e-01 9.89378778e-01
 3.10000000e+01 9.71219931e-01 9.70156031e-01 9.52745268e-01 9.89694595e-01
 3.20000000e+01 9.71089355e-01 9.70020442e-01 9.52394927e-01 9.89783784e-01
 3.30000000e+01 9.70910617e-01 9.69834130e-01 9.52236149e-01 9.89585085e-01
 3.40000000e+01 9.77118465e-01 9.76224868e-01 9.63837566e-01 9.90399364e-01
 3.50000000e+01 9.71636961e-01 9.70604559e-01 9.54266317e-01 9.89007605e-01
 3.60000000e+01 9.71306309e-01 9.70268720e-01 9.53481959e-01 9.89130660e-01
 3.70000000e+01 9.71045150e-01 9.70013558e-01 9.53036666e-01 9.89053634e-01
 3.80000000e+01 9.71088676e-01 9.70042724e-01 9.52965056e-01 9.89212297e-01
 3.90000000e+01 9.70947218e-01 9.69895817e-01 9.52583079e-01 9.89311358e-01
 4.00000000e+01 9.71012915e-01 9.69964550e-01 9.53157612e-01 9.88868217e-01
 4.10000000e+01 9.70871460e-01 9.69817632e-01 9.52837553e-01 9.88905367e-01
 4.20000000e+01 9.70420807e-01 9.69357963e-01 9.52132898e-01 9.88708715e-01
 4.30000000e+01 9.69985631e-01 9.68933163e-01 9.51386489e-01 9.88584773e-01
 4.40000000e+01 9.70023473e-01 9.68949445e-01 9.51442142e-01 9.88604804e-01
 4.50000000e+01 9.69849415e-01 9.68768412e-01 9.51039657e-01 9.88659173e-01
 4.60000000e+01 9.69718875e-01 9.68632629e-01 9.50701931e-01 9.88735819e-01
 4.70000000e+01 9.69590418e-01 9.68505496e-01 9.50766192e-01 9.88414645e-01
 4.80000000e+01 9.69509365e-01 9.68426123e-01 9.50654408e-01 9.88364322e-01
 4.90000000e+01 9.69360043e-01 9.68264402e-01 9.50380436e-01 9.88339650e-01
 5.00000000e+01 9.69264760e-01 9.68164400e-01 9.50174888e-01 9.88354631e-01
 5.10000000e+01 9.69233000e-01 9.68131066e-01 9.50084556e-01 9.88381444e-01
 5.20000000e+01 9.72852207e-01 9.71730307e-01 9.57024334e-01 9.88680081e-01
 5.30000000e+01 9.70610692e-01 9.69374921e-01 9.53347096e-01 9.87874289e-01
 5.40000000e+01 9.69242882e-01 9.67937412e-01 9.51075898e-01 9.87409865e-01
 5.50000000e+01 9.69173037e-01 9.67866373e-01 9.50935823e-01 9.87410250e-01
 5.60000000e+01 9.69138115e-01 9.67829694e-01 9.50861225e-01 9.87415006e-01
 5.70000000e+01 9.65507172e-01 9.64007882e-01 9.44864523e-01 9.86149821e-01
 5.80000000e+01 9.65289903e-01 9.63780421e-01 9.44446521e-01 9.86133285e-01
 5.90000000e+01 9.65181271e-01 9.63666686e-01 9.44209787e-01 9.86152755e-01
 6.00000000e+01 9.57717429e-01 9.55812790e-01 9.31785057e-01 9.83649801e-01
 6.10000000e+01 9.57717429e-01 9.55812790e-01 9.31706305e-01 9.83728553e-01
 6.20000000e+01 9.56686945e-01 9.54770145e-01 9.30512515e-01 9.82861374e-01
 6.30000000e+01 9.56060494e-01 9.54130876e-01 9.29733007e-01 9.82387981e-01
 6.40000000e+01 9.54997370e-01 9.53051207e-01 9.28408038e-01 9.81586701e-01
 6.50000000e+01 9.54132640e-01 9.52187683e-01 9.27293061e-01 9.80972219e-01
 6.60000000e+01 9.53806718e-01 9.51845045e-01 9.26857282e-01 9.80756154e-01
 6.70000000e+01 9.54821489e-01 9.52752947e-01 9.26649652e-01 9.82993326e-01
 6.80000000e+01 9.54301654e-01 9.52199885e-01 9.25804030e-01 9.82799278e-01
 6.90000000e+01 9.53706060e-01 9.51566090e-01 9.24811544e-01 9.82600576e-01
 7.00000000e+01 9.53283762e-01 9.51116570e-01 9.24016695e-01 9.82550828e-01
 7.10000000e+01 9.53045554e-01 9.50862981e-01 9.23595547e-01 9.82495562e-01
 7.20000000e+01 9.53518127e-01 9.51383313e-01 9.24396344e-01 9.82639911e-01
 7.30000000e+01 9.52803634e-01 9.50646607e-01 9.23322609e-01 9.82284659e-01
 7.40000000e+01 9.52197458e-01 9.50031864e-01 9.22345016e-01 9.82049901e-01
 7.50000000e+01 9.51851097e-01 9.49662538e-01 9.21740902e-01 9.81961293e-01
 7.60000000e+01 9.52721739e-01 9.50545502e-01 9.22996739e-01 9.82446740e-01
 7.70000000e+01 9.52118152e-01 9.49902780e-01 9.21845456e-01 9.82390848e-01
 7.80000000e+01 9.51992433e-01 9.49769311e-01 9.21591953e-01 9.82392914e-01
 7.90000000e+01 9.51935863e-01 9.49714143e-01 9.21498186e-01 9.82373540e-01
 8.00000000e+01 9.51514795e-01 9.49251900e-01 9.20633469e-01 9.82396120e-01
 8.10000000e+01 9.51156661e-01 9.48863789e-01 9.19839656e-01 9.82473665e-01
 8.20000000e+01 9.51062428e-01 9.48761742e-01 9.19647970e-01 9.82476887e-01
 8.30000000e+01 9.51031019e-01 9.48727726e-01 9.19565708e-01 9.82496330e-01
 8.40000000e+01 9.50280421e-01 9.47926865e-01 9.18119436e-01 9.82441406e-01
 8.50000000e+01 9.49869386e-01 9.47487282e-01 9.17336456e-01 9.82402317e-01
 8.60000000e+01 9.51577634e-01 9.49305456e-01 9.20650887e-01 9.82504381e-01
 8.70000000e+01 9.50899106e-01 9.48569892e-01 9.19199070e-01 9.82599142e-01
 8.80000000e+01 9.50747661e-01 9.48408100e-01 9.18956580e-01 9.82538742e-01
 8.90000000e+01 9.50622753e-01 9.48270205e-01 9.18523440e-01 9.82722066e-01
 9.00000000e+01 9.50428055e-01 9.48062110e-01 9.18205493e-01 9.82650617e-01
 9.10000000e+01 9.50453197e-01 9.48086309e-01 9.18099555e-01 9.82806838e-01
 9.20000000e+01 9.50193615e-01 9.47808774e-01 9.17667221e-01 9.82720009e-01
 9.30000000e+01 9.50340169e-01 9.47963718e-01 9.17811065e-01 9.82869274e-01
 9.40000000e+01 9.50102227e-01 9.47709285e-01 9.17410648e-01 9.82793806e-01
 9.50000000e+01 9.50264822e-01 9.47882002e-01 9.17613830e-01 9.82915815e-01
 9.60000000e+01 9.50178299e-01 9.47789489e-01 9.17405945e-01 9.82950653e-01
 9.70000000e+01 9.54129041e-01 9.52018312e-01 9.25334080e-01 9.82924003e-01
 9.80000000e+01 9.53921366e-01 9.51801518e-01 9.25005181e-01 9.82837551e-01
 9.90000000e+01 9.53644507e-01 9.51517162e-01 9.24549897e-01 9.82739118e-01
 1.00000000e+02 9.53569009e-01 9.51443470e-01 9.24420997e-01 9.82717021e-01
 1.01000000e+02 9.53625632e-01 9.51480999e-01 9.24321520e-01 9.82929745e-01
 1.02000000e+02 9.53138465e-01 9.50961890e-01 9.23531263e-01 9.82745667e-01
 1.03000000e+02 9.52575561e-01 9.50361940e-01 9.22622401e-01 9.82528722e-01
 1.04000000e+02 9.51969411e-01 9.49715645e-01 9.21535403e-01 9.82403419e-01
 1.05000000e+02 9.53245035e-01 9.51076938e-01 9.23519620e-01 9.82970450e-01
 1.06000000e+02 9.52855344e-01 9.50661752e-01 9.22917407e-01 9.82793282e-01
 1.07000000e+02 9.52357440e-01 9.50131102e-01 9.22077553e-01 9.82637326e-01
 1.08000000e+02 9.52958861e-01 9.50776088e-01 9.22863808e-01 9.83053914e-01
 1.09000000e+02 9.51595165e-01 9.49362025e-01 9.20081803e-01 9.83108528e-01
 1.10000000e+02 9.50945886e-01 9.48696500e-01 9.18505612e-01 9.83386159e-01
 1.11000000e+02 9.50697012e-01 9.48430704e-01 9.17835241e-01 9.83558783e-01
 1.12000000e+02 9.50729473e-01 9.48476995e-01 9.18038313e-01 9.83420633e-01
 1.13000000e+02 9.50047822e-01 9.47797783e-01 9.16566809e-01 9.83528834e-01
 1.14000000e+02 9.49907172e-01 9.47647427e-01 9.16146368e-01 9.83667977e-01
